0
0.47078
0.81802
0.99154
1.105
1.1509
0.83141
0.28233
0.02831
-0.11402
-0.17263
-0.11251
-0.018422
-0.079417
-0.5293
-0.91914
-1.0838
-1.1919
-1.0967
-0.48577
-0.058129
-0.02185
-0.0026054
-0.0056897
-0.036821
-0.057538
0.19923
0.60813
0.63882
0.33489
0.059979
-0.069969
-0.15853
-0.044674
0.66976
1.1506
0.72059
0.027286
0.29196
2.588
4.142
3.3663
1.8696
0.84499
-0.00021939
-0.40249
-0.31485
-0.16071
-0.10104
-0.085191
-0.058839
0.71028
1.9304
2.0636
1.2906
0.53238
0.091428
-0.23226
-0.2744
-0.19159
-0.11637
-0.083447
-0.061233
-0.47287
-2.9406
-4.6579
-3.0096
-0.25308
0.33533
0.26543
0.1759
0.076671
-0.024781
-0.073856
-0.10273
-0.11506
-0.10461
-0.076834
-0.026303
0.094804
0.17242
0.13524
0.071712
0.057544
0.057544
0.057544
0.020345
-0.043237
-0.057544
-0.057544
-0.057544
-0.26109
-0.61107
-0.64915
-0.3735
-0.12159
-0.021009
0.045906
0.048001
-0.013152
-0.057357
-0.057544
-0.057544
-0.10467
-0.41003
-0.63195
-0.50931
-0.26604
-0.12879
-0.041059
-0.00017585
0
0
0.050554
0.38556
0.63163
0.25436
-0.41635
-0.53714
-0.27538
-0.061503
-0.02441
-0.0034712
0
0
0
0.16057
0.44843
0.48693
0.27462
0.11619
0.15058
0.2146
0.20835
0.056903
-0.056697
-0.047283
-0.019676
0.0173
0.079171
0.16476
0.33108
0.52998
0.53291
0.23088
0.0019501
0
0
0
0
0
-0.19107
-0.54411
-0.55844
-0.016359
0.3988
0.28187
0.057069
0
0
0
0
0
-0.068528
-0.57898
-0.97397
-0.43139
0.59757
0.81774
0.47033
0.17974
0.14633
0.12944
0.098601
0.039035
0.00044151
0.16903
0.49097
0.5445
0.30537
0.11748
0.16552
0.26216
0.27246
0.15309
0.058806
0.057544
0.057544
0.050023
-0.0095734
-0.056879
0.17519
0.62668
0.73381
0.60137
0.42134
0.21226
-0.005605
-0.055932
-0.038176
-0.0047256
0.14663
0.39449
0.43874
0.2608
0.1174
0.11509
0.11509
0.10799
0.048771
0.00080957
0
0
0
0
0
-0.14546
-0.43646
-0.48687
-0.22127
-0.0039918
0
0
0.0067916
0.065716
0.11416
0.067152
-0.029941
-0.040819
0.10624
0.22776
0.13485
-0.059423
-0.1085
-0.049773
-0.0010097
0
0
0.0035632
0.042928
0.1058
0.21795
0.36371
0.37086
0.078243
-0.16715
-0.11018
0.019508
0.051254
-0.007168
-0.056404
-0.057544
-0.057544
-0.082313
-0.31559
-0.51316
-0.39445
-0.13486
-0.057544
-0.057544
-0.057544
-0.042204
-0.0097423
-0.041985
-0.44876
-0.79667
-0.79045
-0.73917
-0.62552
-0.18784
0.16345
0.112
-0.017948
-0.05602
-0.037193
-0.0055578
0.036268
0.10553
0.24767
0.71434
1.0831
0.88626
0.39638
0.11461
-0.03654
-0.11323
-0.10658
-0.080066
-0.040652
0.047161
0.11317
0.055892
-0.074227
-0.10151
0.042163
0.16869
0.11379
-0.016365
-0.057544
-0.057544
-0.057544
-0.072164
-0.10471
-0.078352
0.32239
0.67876
0.45804
-0.0629
-0.22244
-0.13673
-0.060147
-0.057544
-0.057544
-0.080348
-0.33696
-0.56738
-0.53781
-0.42763
-0.30383
-0.12689
-0.004101
-0.028527
-0.093696
-0.11264
-0.084243
-0.058495
-0.34104
-0.99288
-1.1863
-0.8982
-0.51826
-0.2039
0.091421
0.1632
0.050061
-0.053507
-0.057544
-0.057544
-0.089946
-0.48513
-0.84862
-0.86316
-0.86316
-0.83363
-0.46743
-0.12898
-0.11509
-0.11509
-0.11509
-0.11509
-0.11509
0.31067
1.322
1.5966
0.6709
-0.1929
-0.20288
-0.13762
-0.11509
-0.11509
-0.11509
-0.11509
-0.11509
-0.11308
-0.079225
-0.015861
0.14907
0.42601
0.49314
0.15867
-0.15794
-0.15925
-0.1266
-0.11509
-0.11509
-0.11509
0.11097
0.666
0.82748
0.32796
-0.14943
-0.17263
-0.17263
-0.17263
-0.17263
-0.17263
-0.16331
-0.13527
-0.1082
-0.078493
-0.058462
-0.13577
-0.33172
-0.39163
-0.22623
-0.06588
-0.075924
-0.13191
-0.18405
-0.22023
-0.27043
-0.48437
-0.89178
-1.0342
-1.003
-0.93942
-0.69909
-0.22655
-0.06279
-0.14492
-0.2257
-0.21748
-0.18482
-0.18768
-0.44217
-0.75743
-0.92688
-1.0566
-1.0786
-0.8248
-0.50922
-0.34563
-0.2237
-0.16318
-0.13184
-0.11583
-0.17359
-0.36421
-0.5689
-0.8331
-1.0252
-0.90271
-0.48306
-0.084032
0.33259
0.61734
0.49467
0.082925
-0.22439
-0.41754
-0.55373
-0.62608
-0.67663
-0.67709
-0.43477
-0.18837
-0.18473
-0.2174
-0.23018
-0.23018
-0.23018
-0.10287
0.26526
0.4859
0.57996
0.63032
0.45401
-0.035904
-0.22879
-0.20206
-0.1745
-0.18101
-0.20865
-0.2351
-0.25295
-0.27757
-0.39679
-0.64984
-0.73353
-0.44104
-0.13645
-0.15013
-0.24809
-0.28643
-0.25991
-0.23216
-0.30076
-0.51346
-0.64859
-0.71132
-0.74604
-0.62141
-0.26232
-0.11754
-0.17031
-0.22605
-0.23018
-0.23018
-0.22872
-0.1919
-0.13173
-0.06092
0.026271
0.048258
-0.16171
-0.38564
-0.38691
-0.33203
-0.27741
-0.21825
-0.17561
-0.18382
-0.21644
-0.23018
-0.23018
-0.23018
-0.23691
-0.26255
-0.2951
-0.35187
-0.39923
-0.38647
-0.3157
-0.1915
0.29431
0.76775
0.7152
0.4055
0.12901
-0.11197
-0.27582
-0.27686
-0.24426
-0.23018
-0.23018
-0.23018
-0.40261
-0.92408
-1.1409
-0.86328
-0.51602
-0.39307
-0.32362
-0.28126
-0.24982
-0.23148
-0.23018
-0.23018
-0.21496
0.22028
0.705
0.43202
-0.54501
-0.96922
-0.70031
-0.38389
-0.3227
-0.30314
-0.2836
-0.2606
-0.2376
-0.21729
-0.19905
-0.15386
0.23453
0.65207
0.54689
0.078095
-0.18638
-0.25168
-0.28533
-0.2775
-0.24498
-0.23703
-0.46411
-0.72321
-0.66698
-0.40683
-0.29067
-0.39129
-0.50666
-0.48245
-0.36128
-0.28214
-0.26153
-0.24191
-0.13571
0.11727
0.21781
-0.23226
-0.75336
-0.70662
-0.38177
-0.23018
-0.23018
-0.23018
-0.23018
-0.23018
-0.22634
-0.077238
0.097094
-0.031047
-0.51797
-0.7413
-0.46879
-0.14861
-0.13442
-0.19931
-0.22958
-0.20489
-0.17573
-0.23974
-0.46679
-0.57145
-0.39912
-0.19465
-0.17263
-0.17263
-0.17263
-0.17263
-0.17263
-0.17671
-0.19829
-0.24565
-0.71968
-1.2638
-1.0616
-0.15455
0.28447
0.12487
-0.081334
-0.13583
-0.15611
-0.17589
-0.20521
-0.22789
-0.092163
0.3933
0.63124
0.5291
0.35043
0.16395
-0.060115
-0.17782
-0.21112
-0.22866
-0.21208
-0.14741
-0.11721
-0.23752
-0.38532
-0.31309
0.010087
0.1702
0.026319
-0.15133
-0.17263
-0.17263
-0.17225
-0.14835
-0.11869
-0.22976
-0.64945
-0.86129
-0.73092
-0.52287
-0.36966
-0.22811
-0.17263
-0.17263
-0.17263
-0.17263
-0.17263
-0.17163
-0.10068
-0.011282
0
0
-0.0015771
-0.11943
-0.26865
-0.26216
-0.16552
-0.11539
-0.13887
-0.16876
-0.062817
0.3557
0.5712
0.22015
-0.22889
-0.23748
-0.044433
0.056476
-0.0368
-0.15673
-0.17263
-0.17263
-0.1686
0.20315
0.68357
0.5671
-0.13987
-0.51763
-0.48763
-0.4285
-0.34903
-0.22884
-0.1753
-0.45208
-0.81346
-0.77428
-0.42125
-0.23018
-0.23018
-0.23018
-0.23018
-0.23018
-0.23018
-0.23018
-0.23018
-0.22224
-0.19019
-0.17281
-0.19562
-0.22587
-0.19873
-0.070608
-0.00067725
-0.091558
-0.21271
-0.2146
-0.15058
-0.11509
-0.11509
-0.11509
-0.037905
0.28195
0.45657
-0.12961
-0.9193
-0.93307
-0.49703
-0.22725
-0.20158
-0.18472
-0.14371
-0.066818
0.0037722
0.064354
0.10933
0.062556
-0.16085
-0.28758
-0.2573
-0.19837
-0.13166
-0.042513
-8.3362e-05
-0.023114
-0.08092
-0.27557
-0.83952
-1.1493
-0.77355
-0.25374
-0.17263
-0.17263
-0.17258
-0.15646
-0.12684
-0.10443
-0.087355
-0.052088
0.88227
2.1569
2.0815
0.83355
0.053242
-0.0093959
-0.044198
-0.074882
-0.10329
-0.11503
-0.093287
-0.062554
-0.19784
-0.83261
-1.2075
-0.80716
-0.22477
-0.0936
-0.066522
-0.057544
-0.057544
-0.057544
-0.057544
-0.057544
-0.057385
0.028481
0.15187
0.16401
0.1158
0.055554
-0.026317
-0.10323
-0.10161
-0.038347
-2.8462e-05
-0.02131
-0.05223
-0.010831
0.21038
0.34484
-0.036549
-0.59376
-0.62815
-0.32394
-0.11399
-0.084759
-0.067097
-0.043466
-0.014116
-1.2988e-05
-0.022518
-0.079418
-0.21853
-0.58932
-0.80547
-0.54421
-0.14327
-0.037212
-0.0096454
0
0
0
-0.019015
-0.11338
-0.17255
0.11749
0.55333
0.5389
0.067549
-0.23016
-0.14767
-0.023013
0
0
1.7043e-05
0.16422
0.41381
0.43881
0.32363
0.22996
0.20486
0.18661
0.14611
0.064613
-0.00010119
-0.032753
-0.054343
0.020592
0.42746
0.69053
0.60696
0.43189
0.24728
0.0095792
-0.11509
-0.054671
0.039317
0.051663
0.02043
9.4755e-07
0.30063
0.77105
0.81843
0.55497
0.28925
0.10571
-0.0346
-0.057544
-0.057544
-0.057544
-0.037696
-0.0062723
-0.028448
-0.18411
-0.28769
-0.20871
-0.082898
-0.057544
-0.057544
-0.057544
-0.077199
-0.10868
-0.10952
-0.078462
-0.057556
-0.42916
-1.0279
-1.0299
-0.34726
0.11476
0.10365
0.075391
0.030472
-0.060316
-0.11504
-0.095722
-0.06415
-0.15431
-0.71152
-1.0929
-0.70529
-0.025479
0.24211
0.35653
0.40276
0.23024
-0.054418
-0.10984
-0.078952
-0.057578
-0.13385
-0.26048
-0.28772
-0.28772
-0.28772
-0.23863
-0.14717
-0.09938
-0.07042
-0.057567
-0.057544
-0.057544
0.023575
0.51591
0.86231
0.5813
0.10522
0.010019
0.071485
0.11497
0.084592
0.024422
-0.014251
-0.043487
-0.057506
0.10985
0.39597
0.4582
0.43943
0.40498
0.22113
-0.054037
-0.11026
-0.079641
-0.057628
-0.057544
-0.057544
-0.048318
0.020722
0.1104
0.21722
0.32349
0.33615
0.26726
0.17756
0.070857
-0.035554
-0.038928
0.083057
0.17218
0.10013
-0.027526
-0.0023945
0.36307
0.6315
0.42589
0.047784
-0.074623
-0.10362
-0.11504
-0.097153
-0.065191
-0.097867
-0.37122
-0.57413
-0.34351
0.072294
0.14609
-0.035891
-0.17169
-0.11939
-0.02337
-0.0020943
-0.021278
-0.054528
-0.1599
-0.30992
-0.33234
-0.2416
-0.17318
-0.17263
-0.17263
-0.16971
-0.14618
-0.11711
-0.098109
-0.077625
0.00077447
0.33165
0.57327
0.367
-0.018132
-0.11095
-0.080831
-0.057766
-0.10937
-0.20572
-0.22674
-0.19137
-0.12297
0.34588
1.1271
1.2274
0.50154
-0.10118
-0.18068
-0.22285
-0.22222
-0.16226
-0.11562
-0.11509
-0.11509
-0.24059
-1.1986
-1.9474
-1.5068
-0.60089
-0.21334
-0.065427
-0.00065685
-0.03362
-0.098045
-0.11509
-0.11509
-0.11509
1.0551
3.3113
3.6385
1.4632
-0.26345
-0.23785
-0.1411
-0.1188
-0.14855
-0.17228
-0.17263
-0.17263
-0.14339
0.094238
0.28478
0.24257
0.12866
0.01153
-0.13707
-0.22881
-0.21998
-0.1923
-0.15717
-0.097792
-0.058177
-0.073798
-0.10612
-0.094098
0.083262
0.22763
0.10088
-0.15779
-0.22328
-0.16426
-0.11598
-0.12434
-0.15134
-0.18887
-0.25747
-0.33593
-0.41874
-0.49856
-0.49448
-0.28859
-0.11848
-0.13098
-0.16335
-0.16934
-0.13997
-0.11559
-0.1711
-0.29481
-0.35823
-0.38824
-0.40256
-0.36639
-0.27806
-0.21278
-0.17646
-0.12593
0.11742
0.51921
0.57008
-0.014136
-0.5065
-0.36268
-0.038321
0.052657
0.0033317
-0.052304
-0.075958
-0.093623
-0.19043
-0.80292
-1.311
-1.1351
-0.68482
-0.38294
-0.17291
-0.060027
-0.088043
-0.15299
-0.17263
-0.17263
-0.17263
-0.17263
-0.17263
-0.17844
-0.23634
-0.28635
-0.19731
-0.0023227
0.043265
-0.10122
-0.22662
-0.20022
-0.1352
-0.11509
-0.11509
-0.11509
0.25713
1.0701
1.2632
0.6259
0.030032
-0.06097
-0.10582
-0.11509
-0.11509
-0.11509
-0.12348
-0.14992
-0.18914
-0.27679
-0.34322
-0.31602
-0.25093
-0.23018
-0.23018
-0.23018
-0.20111
-0.136
-0.11767
-0.14624
-0.17176
-0.11487
0.015404
0.042341
-0.12874
-0.28235
-0.23031
-0.10001
-0.062522
-0.11944
-0.17079
-0.15837
-0.12578
-0.13465
-0.36185
-0.56783
-0.4552
-0.16953
-0.045339
-0.014471
-0.00040807
-0.028173
-0.093372
-0.11509
-0.11509
-0.11509
-0.10754
-0.081837
-0.039691
0.075641
0.16902
0.075263
-0.15303
-0.22563
-0.16929
-0.11723
-0.11509
-0.11509
-0.12846
-0.29713
-0.45376
-0.37795
-0.1822
-0.11509
-0.11509
-0.11509
-0.12123
-0.14541
-0.22548
-0.78864
-1.301
-1.1016
-0.52227
-0.17032
0.013666
0.11145
0.080517
-0.010663
-0.067317
-0.09797
-0.11446
0.085679
0.57535
0.71773
0.30056
-0.096243
-0.035303
0.16059
0.22132
0.09376
-0.044009
-0.084913
-0.10912
-0.11397
-0.095234
-0.064598
-0.019974
0.038616
0.032806
-0.32636
-0.67291
-0.58
-0.29442
-0.16247
-0.13776
-0.12006
-0.093652
-0.065981
-0.057544
-0.057544
-0.057544
0.04538
0.30669
0.38673
0.13976
-0.10196
-0.10603
-0.078083
-0.050979
-0.021284
-0.0010124
-0.10155
-0.36288
-0.44324
-0.1701
0.099803
0.064654
-0.066015
-0.11341
-0.086164
-0.059108
-0.08259
-0.14793
-0.17041
-0.12939
-0.070041
-0.015749
0.039923
0.054343
0.00010119
-0.05427
-0.057544
-0.057544
-0.057544
-0.057544
-0.057544
-0.13115
-0.32716
-0.40212
-0.38655
-0.35516
-0.25768
-0.06983
-0.0014931
-0.028418
-0.055795
-0.057544
-0.057544
-0.063376
-0.17081
-0.28057
-0.28098
-0.25576
-0.21926
-0.1346
-0.062141
-0.069475
-0.10214
-0.11509
-0.11509
-0.11509
-0.18617
-0.38213
-0.45086
-0.26426
-0.070864
-0.069308
-0.10196
-0.11509
-0.11509
-0.11509
-0.10977
-0.086531
-0.032886
0.31765
0.66594
0.57901
0.24388
0.033933
-0.060309
-0.11207
-0.11509
-0.11509
-0.11386
-0.087479
-0.059607
-0.19472
-0.58641
-0.7278
-0.28044
0.19441
0.16208
-0.033735
-0.11393
-0.087682
-0.059689
-0.057544
-0.057544
-0.048507
0.1609
0.38531
0.24622
-0.21053
-0.39936
-0.31245
-0.19567
-0.12813
-0.07456
-0.057544
-0.057544
-0.057544
-0.065313
-0.092663
-0.12001
-0.14957
-0.17106
-0.17263
-0.17263
-0.17224
-0.1587
-0.12766
0.08525
0.63135
0.84356
0.32716
-0.2397
-0.24461
-0.11424
-0.058495
-0.084243
-0.11264
-0.11509
-0.11509
-0.38282
-7.8286
-16.081
-13.764
-4.4143
-0.20584
-0.10584
-0.060361
-0.078614
-0.14375
-0.1709
-0.11984
-0.062701
-0.062165
-0.084513
-0.13522
-0.55009
-0.99538
-0.83867
-0.22023
0.054288
-0.047235
-0.16195
-0.15204
-0.086963
-0.058778
-0.10077
-0.1596
-0.19387
-0.22102
-0.23018
-0.23018
-0.23018
-0.22305
-0.19605
-0.16855
-0.1391
-0.11701
-0.11509
-0.11509
-0.095878
0.58129
1.3615
1.0994
-0.0055521
-0.51483
-0.40052
-0.25443
-0.20951
-0.18911
-0.16915
-0.15095
-0.12739
-0.031965
0.18858
0.28005
-0.018156
-0.36682
-0.36384
-0.23399
-0.17263
-0.17263
-0.17263
-0.17263
-0.17263
-0.18567
-0.72898
-1.3705
-1.1989
-0.38805
-0.0003218
-0.016457
-0.046384
-0.087459
-0.14732
-0.17263
-0.17263
-0.17263
-0.15377
-0.088952
-0.058596
-0.10752
-0.16614
-0.17263
-0.17263
-0.17314
-0.19752
-0.22688
-0.072459
0.47799
0.73984
0.3267
-0.17331
-0.21177
-0.14705
-0.11602
-0.16446
-0.22338
-0.21193
-0.14723
-0.11509
-0.11509
-0.11509
-0.16938
-0.36338
-0.45903
-0.37951
-0.2608
-0.19066
-0.13535
-0.11792
-0.28579
-0.49304
-0.48526
-0.33676
-0.14892
0.15551
0.42952
0.37214
0.049303
-0.11472
-0.090903
-0.061199
-0.075036
-0.13957
-0.17228
-0.14855
-0.1188
-0.21047
-0.56521
-0.74461
-0.49581
-0.16817
-0.091783
-0.065637
-0.058806
-0.15309
-0.27246
-0.27068
-0.20625
-0.17861
-0.64834
-1.2462
-1.1208
-0.34813
0.057102
0.018509
-0.041057
-0.074034
-0.095968
-0.1173
-0.13478
-0.15753
-0.34546
-0.95038
-1.2621
-0.89838
-0.38961
-0.22621
-0.15479
-0.11185
-0.079749
-0.059712
-0.073849
-0.13808
-0.16929
0.17667
0.62841
0.56933
0.08792
-0.17242
-0.14944
-0.11929
-0.12309
-0.15517
-0.17247
-0.1484
-0.08987
0.10558
0.63977
0.91801
0.57461
0.092715
-0.043727
-0.097303
-0.11492
-0.092199
-0.06191
-0.057544
-0.057544
-0.058487
-0.19429
-0.37627
-0.36812
-0.21837
-0.11229
-0.078984
-0.059696
-0.057544
-0.057544
-0.057544
-0.057544
-0.057544
-0.17875
-0.68977
-0.97642
-0.63972
-0.15533
-0.01482
0.039209
0.057318
0.012756
-0.048236
-0.042676
0.021106
0.055177
-0.45524
-1.1576
-1.0966
-0.36368
0.057544
0.057544
0.057544
0.050724
0.0087365
-0.063014
-0.3953
-0.80079
-0.84325
-0.72994
-0.5658
-0.20761
0.17291
0.21198
0.12595
0.055867
0.03462
0.015899
-0.14921
-0.74795
-1.0924
-0.7526
-0.23596
-0.054915
0.027656
0.057438
0.014138
-0.047404
-0.050598
-0.018886
-0.00027596
-0.12963
-0.31448
-0.34526
-0.34526
-0.34507
-0.23773
-0.083502
-0.057544
-0.057544
-0.05753
-0.046405
-0.017875
0.058443
0.27983
0.46359
0.56003
0.62422
0.5529
0.17369
-0.057473
0.0060916
0.09896
0.10915
0.068811
-0.0024833
-0.40961
-0.94396
-1.0256
-0.9609
-0.86053
-0.62663
-0.32488
-0.16335
-0.060088
0.00075477
0.034084
0.05473
0.051139
0.019655
0.00011052
0.27067
0.67493
0.65299
0.18119
-0.11507
-0.052919
0.040475
0.057544
0.057544
0.057548
0.078169
0.10933
0.090262
-0.035308
-0.11508
-0.053504
0.040093
0.051403
0.020042
0
0
0
0
0
1.5808e-07
0.014792
0.044246
0.070929
0.10037
0.11509
0.074616
0.012021
0
0
0
0
0
0.058813
0.37113
0.57543
0.33494
-0.041398
-0.10584
-0.052073
-0.00027221
0.031027
0.053879
-0.080535
-0.8285
-1.3234
-1.206
-0.94597
-0.64184
-0.20545
0.056852
0.092908
0.1124
0.10946
0.078364
0.057553
0.39168
0.92691
0.1067
-5.0807
-8.5721
-5.7201
-1.0961
-0.075692
-0.019571
-1.0392e-05
0
0
-0.076136
-0.51002
-0.80535
-0.60517
-0.23971
-0.050695
0.064646
0.11504
0.095818
0.064217
0.059898
0.079033
0.11376
0.30271
0.57602
0.4754
-0.45109
-1.0923
-0.59731
0.22577
0.37166
0.18658
0.057782
0.07875
0.13444
0.23624
0.47877
0.63266
0.23637
-0.42957
-0.5276
-0.23185
-0.0023033
0.034053
0.054419
0.047525
-0.013941
-0.057424
0.017236
0.1443
0.11819
-0.21945
-0.45961
-0.29296
-0.0068381
0.052654
0.021999
7.5791e-05
0
0
-0.077287
-0.56715
-0.91935
-0.7173
-0.34424
-0.19896
-0.1499
-0.11688
-0.090625
-0.069683
-0.045958
-0.016329
-6.8896e-05
-0.036438
-0.10022
-0.087164
0.095813
0.2295
0.16574
0.04249
-0.015508
-0.044663
-0.057486
-0.057544
-0.057544
-0.055481
-0.036695
-0.0028103
0.14032
0.35334
0.37389
0.17292
0.0037987
-0.032626
-0.053921
-0.053121
-0.02279
-0.00015713
-0.017746
-0.049754
-0.022615
0.21969
0.40145
0.3166
0.13622
0.017881
-0.070562
-0.11478
-0.11509
-0.11509
-0.17038
-0.56301
-0.86062
-0.37417
0.52388
0.67672
0.16401
-0.22663
-0.19544
-0.13125
-0.11509
-0.11509
-0.11509
-0.14964
-0.21387
-0.21792
-0.1277
-0.058255
-0.09191
-0.15618
-0.1686
-0.13857
-0.11534
-0.11509
-0.11509
-0.055443
0.39428
0.74407
0.39115
-0.28451
-0.4329
-0.22334
-0.059523
-0.069698
-0.098645
-0.12541
-0.15512
-0.17243
0.11314
0.66075
0.71026
-0.035849
-0.6251
-0.43238
-0.045609
0.048033
-0.03129
-0.11058
-0.13697
-0.15501
-0.19764
-0.3166
-0.40159
-0.35321
-0.25641
-0.24114
-0.33025
-0.4017
-0.37611
-0.31611
-0.27572
-0.24596
-0.23039
-0.3123
-0.51417
-0.70172
-0.90984
-1.0339
-0.89265
-0.56431
-0.33338
-0.15467
-0.059009
-0.10603
-0.20303
-0.17503
0.29715
0.68343
0.52978
0.16677
-0.060563
-0.20983
-0.28647
-0.25576
-0.19103
-0.17396
-0.19051
-0.22439
-0.58006
-1.2491
-1.3464
-0.5242
0.1585
0.077859
-0.11651
-0.16939
-0.14008
-0.11561
-0.1465
-0.21131
-0.22698
-0.19772
-0.17318
-0.26631
-0.46084
-0.49902
-0.32376
-0.17605
-0.17263
-0.17263
-0.17263
-0.17263
-0.17263
-0.17263
-0.17263
-0.18787
-0.33341
-0.45727
-0.33763
-0.077939
-0.0075735
-0.084619
-0.166
-0.19632
-0.21653
-0.239
-0.26876
-0.28727
-0.19676
-0.0018504
0.048383
-0.04942
-0.16123
-0.2255
-0.27568
-0.28486
-0.25597
-0.23089
-0.26013
-0.32515
-0.31156
0.034556
0.33643
0.15171
-0.27104
-0.39176
-0.2766
-0.17568
-0.17263
-0.17263
-0.16449
-0.078282
-0.0023634
-0.29419
-0.94498
-1.1223
-0.7982
-0.43866
-0.26815
-0.14474
-0.11911
-0.17384
-0.26882
-0.47236
-0.77291
-0.86201
-0.84525
-0.81278
-0.7025
-0.49693
-0.38045
-0.31958
-0.28861
-0.31642
-0.38158
-0.38289
-0.15524
0.050158
0.057544
0.057544
0.052077
-0.016939
-0.10325
-0.15845
-0.20516
-0.23984
-0.27005
-0.28716
-0.090511
0.36588
0.51398
0.45743
0.36441
0.23203
0.047956
-0.094149
-0.21477
-0.28528
-0.28772
-0.28772
-0.27534
-0.10387
0.13263
0.35131
0.57035
0.59509
0.11721
-0.32658
-0.30406
-0.20619
-0.17482
-0.20287
-0.22905
0.16557
1.1119
1.4149
1.0712
0.59952
0.18281
-0.22674
-0.34106
-0.28519
-0.23256
-0.23018
-0.23018
-0.10845
1.536
3.0927
2.3485
0.35712
-0.34389
-0.3228
-0.29319
-0.26592
-0.23837
-0.23018
-0.23018
-0.23018
-0.7586
-2.0647
-2.488
-1.8254
-1.0299
-0.62056
-0.31339
-0.23018
-0.23018
-0.23018
-0.23018
-0.23018
-0.24695
-0.49504
-0.73557
-0.70003
-0.55747
-0.43128
-0.31149
-0.23383
-0.23018
-0.23018
-0.23018
-0.23018
-0.23018
-0.089601
0.26971
0.39656
0.28941
0.14264
0.032567
-0.068667
-0.12444
-0.15555
-0.17189
-0.17263
-0.17263
-0.14251
0.348
0.835
0.84436
0.77107
0.63694
0.13477
-0.3191
-0.32039
-0.25505
-0.23018
-0.23018
-0.23018
-0.119
0.17501
0.28514
0.23196
0.13999
-0.0062791
-0.21488
-0.28313
-0.20216
-0.12022
-0.11509
-0.11509
-0.11408
-0.093804
-0.064109
-0.037005
-0.0090629
-0.00083196
-0.018828
-0.04928
-0.085787
-0.13492
-0.18434
-0.24363
-0.28524
-0.25602
-0.13263
0.06289
0.62069
1.1184
0.86654
0.082729
-0.22882
-0.20216
-0.17453
-0.1844
-0.21705
-0.22489
-0.11853
-0.0077696
-0.18689
-0.70933
-0.90723
-0.62071
-0.27825
-0.15505
-0.078953
-0.058625
-0.088216
-0.15059
-0.37499
-0.84869
-0.9954
-0.12471
0.79508
0.67517
0.12999
-0.12406
-0.15657
-0.1718
-0.17263
-0.17263
-0.1529
0.29328
0.76914
0.55774
-0.16013
-0.45357
-0.29652
-0.12821
-0.14864
-0.24652
-0.28651
-0.24672
-0.15284
1.3995
5.6796
7.3364
3.8218
0.018954
-0.27348
-0.22089
-0.16019
-0.073684
-0.0051729
-0.054697
-0.21773
-0.28671
-0.26082
-0.23253
-0.31704
-0.57784
-0.68073
-0.42253
-0.1391
-0.13664
-0.20183
-0.23018
-0.23018
-0.23018
-0.32644
-0.6197
-0.74313
-0.59657
-0.3908
-0.26048
-0.15152
-0.11598
-0.14159
-0.1701
-0.16803
-0.14572
-0.091766
0.40082
0.93081
0.78042
0.14897
-0.18721
-0.25279
-0.2855
-0.2566
-0.15895
-0.1158
-0.14412
-0.20519
-0.3927
-0.80162
-0.95382
-0.16934
0.72143
0.67759
0.24931
-0.01908
-0.11566
-0.16867
-0.17263
-0.17263
-0.17042
-0.094955
-0.0084261
-0.18102
-0.76617
-1.0237
-0.59733
-0.10609
-0.067522
-0.10002
-0.11509
-0.11509
-0.11509
-0.12499
-0.15747
-0.16998
-0.070271
0.045741
0.032472
-0.056553
-0.12044
-0.15212
-0.17106
-0.17263
-0.17263
-0.17632
-0.32497
-0.49961
-0.40192
-0.01254
0.16848
-0.0043877
-0.2085
-0.22059
-0.18815
-0.17263
-0.17263
-0.17263
-0.16119
-0.11149
-0.047521
0.063477
0.16254
0.09718
-0.16209
-0.28614
-0.21276
-0.12482
-0.11509
-0.11509
-0.11458
-0.090201
-0.060839
-0.085377
-0.18251
-0.22921
-0.1806
-0.12178
-0.11509
-0.11509
-0.11555
-0.13977
-0.16924
-0.04489
0.408
0.62367
0.11668
-0.50305
-0.51685
-0.30066
-0.16763
-0.13444
-0.11666
-0.11509
-0.11509
-0.10699
0.37262
0.96479
0.85786
0.21185
-0.1147
-0.090803
-0.061146
-0.057544
-0.057544
-0.058279
-0.10591
-0.16532
-0.14639
-0.049595
-0.0013995
-0.096341
-0.21535
-0.21283
-0.14834
-0.11509
-0.11509
-0.11509
-0.11509
-0.11509
-0.11036
0.24319
0.69086
0.59468
0.014857
-0.28623
-0.16879
-0.019339
-0.016895
-0.081282
-0.11509
-0.11509
-0.11509
-0.10924
-0.083026
-0.055163
-0.026014
-0.0027303
-0.017386
-0.095918
-0.17956
-0.26696
-0.33696
-0.30413
-0.14346
-0.058965
-0.19786
-0.37829
-0.36204
-0.20147
-0.11576
-0.18495
-0.2753
-0.2554
-0.12702
-0.057853
-0.098717
-0.187
-0.34674
-0.65351
-0.80269
-0.45929
-0.0062532
0.041675
-0.022428
-0.057544
-0.057544
-0.057544
-0.060985
-0.081729
-0.12046
-0.42756
-0.80893
-0.85567
-0.81255
-0.74053
-0.44703
-0.10589
-0.057544
-0.057544
-0.057641
-0.074187
-0.10384
-0.13056
-0.15969
-0.17196
-0.059673
0.092398
0.09788
0.016798
-0.061316
-0.1219
-0.16688
-0.16741
-0.14165
-0.11363
-0.095256
-0.072921
0.015754
0.26605
0.40205
0.23505
-0.0076251
-0.078704
-0.10581
-0.11509
-0.11509
-0.11509
-0.14426
-0.27163
-0.34516
-0.31529
-0.25646
-0.18996
-0.10075
-0.057595
-0.07364
-0.10325
-0.12995
-0.15918
-0.17175
0.11207
0.51109
0.46918
-0.0072952
-0.28765
-0.25818
-0.19946
-0.13317
-0.043909
-8.9825e-05
-0.046322
-0.16118
-0.46384
-1.2714
-1.7252
-1.1758
-0.37715
-0.21139
-0.1927
-0.17142
-0.11872
-0.065782
-0.057544
-0.057544
-0.05707
0.24217
0.67453
0.71711
0.54538
0.33931
0.088965
-0.13776
-0.16596
-0.13436
-0.11514
-0.15751
-0.21942
-0.21036
-0.11564
-0.057574
-0.092155
-0.15219
-0.18922
-0.21784
-0.23015
-0.18814
-0.12609
-0.1179
-0.13767
-0.17363
-0.43884
-0.79957
-0.77349
-0.33271
-0.057553
-0.078364
-0.10946
-0.11509
-0.11509
-0.11509
-0.11509
-0.11509
-0.090655
0.05404
0.23204
0.45178
0.65666
0.6072
0.17966
-0.11547
-0.15104
-0.17016
-0.17263
-0.17263
-0.17263
-0.11134
-0.017644
-0.10328
-0.63588
-0.97824
-0.65292
-0.15268
-0.058471
-0.082432
-0.17263
